uid	sid
0	22644
0	27384
0	3559
0	14334
0	14023
1	13803
1	1211
1	11555
2	14254
2	12092
2	1480
2	18121
2	5354
2	37786
2	14371
3	39186
3	16383
3	36578
3	14614
3	15522
4	20619
4	29369
4	17165
5	37495
5	21550
5	10111
5	29340
5	320
5	10633
6	17692
6	21412
6	571
6	34006
6	1339
7	30702
7	26394
7	18685
8	29685
8	16846
8	37694
9	23853
9	6541
9	33979
9	11610
9	21434
10	27208
10	19740
10	18111
10	5822
11	7979
11	37625
11	32551
11	31683
12	18246
12	24524
12	5290
12	30527
13	36640
13	9652
13	2251
14	23041
14	2733
14	29616
15	3384
15	6531
15	39232
15	1986
15	11633
15	27333
16	36495
16	24402
16	5125
16	15286
17	33286
17	32456
17	4882
18	2025
18	24360
18	20711
19	13900
19	22316
19	30491
20	24410
20	19409
20	20171
21	36031
21	38294
21	36650
22	21452
22	31804
22	33966
22	15983
22	25667
22	25702
22	6271
23	22962
23	13005
23	18728
23	16591
23	1452
23	22092
23	11793
24	32999
24	19791
24	33862
25	20902
25	34465
25	27826
26	32203
26	14247
26	17580
26	27646
26	14723
26	22711
26	205
26	22522
26	30080
26	22334
27	7217
27	20762
27	27047
27	18605
27	24901
27	32000
27	23456
28	8002
28	13070
28	14957
28	23849
28	26028
28	23541
28	38288
28	24200
28	39161
28	12706
29	36776
29	12144
29	19254
30	7099
30	32588
30	16760
31	7952
31	38898
31	9105
31	28404
31	2909
31	3005
31	6735
32	7430
32	7191
32	8718
32	33415
33	2529
33	18144
33	23141
34	882
34	3983
34	31246
34	29819
34	36113
35	23362
35	13395
35	14474
35	1705
36	3270
36	34985
36	8446
36	19648
36	30369
37	11202
37	783
37	24495
37	4979
37	14751
37	20597
37	32385
37	19879
37	12213
37	5467
37	4211
38	428
38	16181
38	21933
38	18183
38	3705
38	1048
38	27748
39	15683
39	5765
39	29598
40	15616
40	39332
40	25733
41	32973
41	24219
41	527
42	20150
42	5538
42	38344
43	14254
43	25616
43	28189
44	7671
44	37448
44	10717
44	5596
44	1554
45	29105
45	24446
45	5724
45	13837
45	3639
46	32618
46	12232
46	26621
47	33126
47	37010
47	7279
48	20424
48	12087
48	20717
49	10649
49	25513
49	34336
50	29377
50	20961
50	7491
50	14365
51	19617
51	20676
51	4232
51	17142
52	28636
52	11927
52	16118
52	37101
52	23342
52	36625
52	12024
52	32515
53	11623
53	26648
53	26329
54	7801
54	33187
54	30390
54	32863
54	30907
55	36221
55	604
55	31778
55	7820
56	22114
56	16473
56	9595
57	22286
57	37344
57	7791
58	5172
58	29177
58	27334
58	10995
58	20676
58	33906
58	38035
58	12204
59	15885
59	37153
59	33932
60	24837
60	8948
60	14365
60	24679
60	4105
61	10758
61	27976
61	3561
62	4627
62	15216
62	23528
63	10893
63	28997
63	14503
63	22546
63	19262
64	20947
64	38543
64	13208
64	2527
65	7079
65	6178
65	27329
65	34166
65	88
65	18867
65	18925
65	7898
65	2235
65	17885
66	12639
66	26246
66	33025
67	15382
67	1523
67	10585
68	10866
68	37866
68	34291
68	2761
68	641
68	30322
69	28540
69	10835
69	16188
69	22596
70	3161
70	28240
70	7682
71	4148
71	13073
71	4170
71	2481
71	31243
71	36015
72	38105
72	10581
72	7826
73	33851
73	34668
73	24124
73	18643
74	1529
74	1035
74	14824
74	26348
74	3488
74	5627
74	36808
74	7153
75	19633
75	25013
75	30031
75	29217
75	32947
75	17188
76	14970
76	9875
76	17987
77	29642
77	29071
77	29431
78	19992
78	4605
78	34282
79	27448
79	20308
79	9508
80	4257
80	28742
80	30761
81	25439
81	19353
81	25216
81	17017
82	28793
82	4845
82	33364
82	19880
82	20534
83	15319
83	18885
83	34850
84	26725
84	12465
84	20844
84	33270
84	30702
84	7989
85	38579
85	27412
85	5248
85	9340
85	9609
86	38575
86	12069
86	2032
86	29728
87	27469
87	2069
87	7097
87	748
88	13421
88	25536
88	25417
89	19466
89	18728
89	10350
89	11647
90	12223
90	19480
90	1920
91	23777
91	7225
91	18179
92	27752
92	19338
92	14091
92	29357
92	22496
93	641
93	4916
93	28957
93	6941
94	12128
94	6906
94	37781
95	25364
95	33537
95	28606
95	38937
95	27172
95	22476
96	8826
96	9625
96	580
96	24301
96	8441
97	11807
97	31396
97	24027
97	12498
98	19628
98	26137
98	36438
99	2092
99	18024
99	9276
99	10082
100	28603
100	10281
100	3908
100	3779
100	10525
100	23867
101	9271
101	203
101	17442
102	34322
102	24823
102	30904
103	4416
103	20913
103	20576
104	5083
104	2757
104	31072
105	32588
105	26243
105	26529
106	12498
106	35151
106	11272
107	28337
107	36039
107	2687
108	7544
108	5651
108	13522
108	30488
108	28696
108	11910
108	14924
108	10799
108	7
108	31741
108	28606
108	30576
108	2491
108	27665
108	37380
109	10751
109	3736
109	18475
110	19549
110	30015
110	17725
110	23849
111	12333
111	16735
111	31450
112	25595
112	38516
112	3548
112	30379
113	34645
113	31292
113	3764
114	34678
114	36198
114	17899
115	30667
115	10695
115	3471
115	24749
116	1777
116	24985
116	27259
116	30499
117	34110
117	26671
117	21003
117	8749
117	17636
117	19641
117	154
118	6611
118	23345
118	5503
118	29787
118	9871
119	39429
119	3200
119	5486
119	12943
120	1270
120	5311
120	19806
120	957
121	18395
121	9986
121	20775
121	28316
121	3731
121	22887
122	38625
122	34042
122	14361
122	29523
123	25555
123	11939
123	12328
124	11508
124	7897
124	25233
125	24035
125	24255
125	33327
125	7492
125	5265
125	13870
126	5202
126	17298
126	3332
126	35799
126	35525
126	33567
126	28029
127	32061
127	38638
127	26389
127	35639
128	27400
128	26736
128	28912
128	13827
129	2031
129	6334
129	11468
129	37391
129	8883
130	869
130	13527
130	34986
131	22637
131	31837
131	11477
132	33192
132	33732
132	9811
132	28727
133	21511
133	16641
133	19800
133	5311
134	2662
134	3384
134	4253
134	37286
134	23780
135	17347
135	39282
135	26493
135	4559
135	12314
135	30634
135	29391
135	6782
136	2500
136	13647
136	39161
137	25261
137	34880
137	32402
137	22923
137	19035
137	32668
137	37743
138	19176
138	2469
138	32985
139	25667
139	3116
139	6489
139	1152
140	3405
140	451
140	31214
141	32518
141	7144
141	1486
142	35939
142	26037
142	25324
143	14412
143	28290
143	27079
143	21253
144	7502
144	22992
144	32691
145	30471
145	28108
145	24023
145	10634
145	17987
145	7111
146	37423
146	29748
146	3113
146	16572
147	35377
147	21284
147	19248
148	36592
148	1131
148	22733
148	25781
149	4745
149	32167
149	1180
149	39007
149	8721
149	36271
149	37704
149	25288
149	22267
149	38124
149	34686
150	104
150	35898
150	19665
150	351
150	11074
150	27142
150	5501
151	1463
151	12061
151	9454
151	22875
152	23774
152	17414
152	19589
152	33973
152	10217
153	12440
153	16531
153	9535
153	29874
153	33361
153	7306
153	4607
153	22030
153	9871
153	9791
153	17405
154	30968
154	5996
154	34593
154	17474
155	37163
155	31824
155	14270
156	19534
156	5028
156	17207
156	16110
157	35599
157	31163
157	8125
158	22633
158	12418
158	11000
158	37458
158	25769
158	37319
158	31707
159	22911
159	7289
159	24432
160	24771
160	3686
160	21591
161	6840
161	33478
161	20067
161	28048
161	21925
162	11293
162	9013
162	33578
163	13780
163	3363
163	39338
163	8826
163	33110
163	18688
163	19206
163	32745
163	14119
163	25676
163	23020
163	33054
163	3453
163	24736
163	38719
163	21485
164	31564
164	12777
164	9571
164	19097
164	6826
165	3063
165	37578
165	5194
165	29960
166	33651
166	5316
166	12892
167	17643
167	24612
167	13291
167	28499
167	24734
168	31527
168	32390
168	8024
169	38633
169	25142
169	22345
169	21071
169	24050
169	22619
169	17856
169	32281
169	7087
169	12309
169	14479
170	396
170	19208
170	32201
170	17695
170	36013
170	36242
171	27099
171	16406
171	5688
172	23973
172	14575
172	22081
172	34713
173	3679
173	30415
173	22221
174	35972
174	28641
174	32246
175	18299
175	32251
175	12868
175	39130
175	15345
175	31015
175	2711
175	34079
175	7121
176	23863
176	21231
176	26862
176	154
176	6138
176	634
176	18121
176	6214
176	3247
176	13247
176	33107
176	20473
176	24859
176	4250
176	895
176	27658
176	22261
176	31983
176	36544
176	23849
176	5182
176	26070
177	17524
177	12979
177	28649
178	33836
178	33118
178	3477
178	28759
179	13362
179	17583
179	36293
179	10894
180	31638
180	23837
180	10145
181	8030
181	33151
181	20965
182	5469
182	10214
182	418
183	25433
183	32389
183	6115
184	38415
184	24550
184	8182
185	30175
185	22658
185	21784
185	35683
185	1915
185	28649
185	19020
186	33334
186	5186
186	16531
186	11557
186	34165
186	31837
186	15989
186	18597
187	29719
187	1949
187	38154
187	37635
187	30402
187	3107
188	17178
188	38079
188	3074
188	17923
189	23871
189	25654
189	38562
189	28404
189	10673
189	4170
189	36467
190	27849
190	31746
190	29525
190	38264
190	18547
190	6750
190	8106
191	5724
191	7363
191	31196
191	34405
192	27333
192	12573
192	15471
193	2043
193	30873
193	8954
193	35783
194	15738
194	5174
194	16261
194	26681
194	10735
195	10471
195	14186
195	28312
195	26481
196	31923
196	2757
196	21843
196	29388
197	35525
197	38180
197	35732
197	30142
197	15575
198	39140
198	25462
198	26947
199	12198
199	11902
199	13089
199	1150
199	21991
199	18206
199	1236
200	21538
200	9140
200	23010
200	5785
200	1370
200	1292
200	2970
200	32540
200	10592
200	5878
201	36221
201	2459
201	14701
201	2791
201	4023
202	36254
202	14505
202	4558
202	22316
202	3887
203	23063
203	27662
203	2237
203	32451
203	26573
204	16840
204	31723
204	15054
204	26934
204	14020
204	14002
204	16260
204	10153
205	2692
205	39116
205	36698
205	17431
206	18863
206	9567
206	35247
207	36592
207	20985
207	10144
208	18569
208	13649
208	9244
209	32023
209	36979
209	29345
209	38804
209	35737
210	10468
210	8190
210	32444
210	6988
211	16531
211	35061
211	12163
211	11815
211	13208
212	20865
212	27663
212	18029
212	16996
213	7421
213	39110
213	13021
214	33466
214	29644
214	9309
214	30088
215	24651
215	34772
215	22639
215	9973
215	25088
215	30576
215	19914
215	12264
215	5234
215	18338
215	20257
215	26214
215	1728
215	30496
215	22221
215	39320
215	30498
215	9688
215	8911
215	24536
215	7
215	20066
215	25433
215	16513
215	31171
215	10850
215	821
215	6659
215	29604
216	11769
216	18271
216	39422
216	11634
217	9209
217	17503
217	4833
217	35718
217	34867
218	13452
218	25847
218	13202
219	29557
219	29857
219	29881
220	36382
220	12506
220	32319
221	36858
221	19683
221	9333
222	6855
222	35251
222	13342
222	33934
223	37576
223	36762
223	13317
223	24905
223	30659
224	32254
224	25568
224	13471
224	16545
225	9033
225	35808
225	36698
225	10448
225	35580
226	24300
226	2481
226	39322
227	6414
227	1217
227	5097
228	6839
228	32453
228	16942
229	21974
229	27112
229	10845
230	23141
230	29746
230	7328
231	10873
231	2663
231	26851
231	12820
232	39191
232	5444
232	5668
233	25359
233	10700
233	12604
234	35950
234	757
234	2175
235	29345
235	7980
235	23849
235	15928
236	1921
236	4300
236	28044
236	29787
236	33558
237	26718
237	29054
237	6462
237	29539
238	6801
238	17120
238	26412
238	14723
239	12688
239	14578
239	8487
240	23335
240	26678
240	20752
240	25153
241	14571
241	25270
241	34024
241	16921
242	27664
242	27682
242	21306
242	14300
243	2421
243	37707
243	13573
244	19338
244	34330
244	26685
244	37033
244	10400
244	3627
245	16954
245	11048
245	9235
246	33828
246	35372
246	37233
247	5373
247	10585
247	21046
248	4423
248	28696
248	32235
248	22648
248	25946
248	28962
249	6423
249	37892
249	30005
249	38147
250	29902
250	20712
250	2274
250	8038
250	33979
250	11610
250	23830
250	2075
250	35114
251	18190
251	39170
251	4523
251	8238
251	26660
251	18352
252	3656
252	27240
252	22889
253	31888
253	6547
253	16056
254	2806
254	18915
254	15993
254	36242
254	37319
254	38385
254	20966
255	26114
255	27128
255	15456
256	17519
256	17540
256	12087
257	24302
257	31839
257	939
257	7994
258	20549
258	4713
258	11760
259	22253
259	31678
259	12200
259	21939
259	23064
260	17129
260	13707
260	24851
260	15980
261	10107
261	36806
261	11769
262	24746
262	31874
262	38288
263	16265
263	35907
263	24456
264	28496
264	8905
264	34842
265	35454
265	13494
265	17997
266	74
266	38956
266	13321
266	34804
266	10093
266	2222
266	34857
266	23944
266	18307
267	7716
267	6314
267	1040
268	33609
268	24665
268	340
269	20758
269	3346
269	29654
269	25116
270	3693
270	30366
270	12533
270	38603
271	29468
271	25769
271	18936
272	34487
272	30382
272	23840
272	35979
273	31501
273	8874
273	17810
273	29557
273	23973
273	7669
273	4734
273	16870
273	9571
273	36554
273	8319
274	27069
274	22737
274	37124
275	28208
275	18178
275	11074
275	34180
275	17704
276	8369
276	14546
276	14517
276	33042
276	9551
276	5459
277	10811
277	25829
277	39277
277	4034
277	20460
278	33334
278	13933
278	17276
278	6118
279	13199
279	36090
279	30325
279	8457
279	29791
280	20445
280	24409
280	16513
281	26377
281	23270
281	25401
282	14016
282	5266
282	19264
283	20452
283	28558
283	5797
284	36965
284	28985
284	16338
284	28018
284	20410
284	17249
284	37114
284	27661
284	32399
285	38270
285	23359
285	13017
285	2844
285	36854
286	15446
286	26648
286	19518
287	21103
287	24697
287	31277
287	24150
288	12932
288	36003
288	37754
289	17065
289	1372
289	4831
290	35953
290	37178
290	17020
291	18518
291	20399
291	8324
291	37321
291	19792
291	20469
291	12317
291	5362
291	28958
292	33628
292	36075
292	28516
292	21936
292	38947
293	2902
293	33453
293	31715
294	9191
294	7979
294	38035
294	21381
295	12106
295	24496
295	32435
295	5071
296	8365
296	26329
296	35780
296	23619
296	26970
296	33966
296	25702
297	27593
297	8394
297	18790
298	17685
298	668
298	39321
298	25270
298	14871
298	821
298	24659
299	5672
299	28415
299	10130
299	28148
299	32335
300	29604
300	26394
300	16704
300	35050
300	26919
301	2402
301	20068
301	37711
301	2176
301	14859
301	9704
301	28408
302	9070
302	12696
302	28219
303	10835
303	29523
303	5881
303	27385
303	4253
303	21910
303	4052
303	11878
304	7997
304	23896
304	7773
304	12591
305	6578
305	24172
305	37644
306	22667
306	3103
306	30280
307	14810
307	38794
307	27996
308	25433
308	4232
308	1378
308	35413
308	29238
309	32916
309	32132
309	6462
309	29812
309	2400
310	25004
310	26357
310	9652
311	24739
311	25490
311	34164
312	2974
312	22574
312	38516
312	31072
313	11203
313	36999
313	20094
314	17864
314	32184
314	23302
314	4467
314	16239
315	17739
315	5599
315	28236
316	21498
316	31000
316	31276
316	12252
317	25401
317	26388
317	28639
317	6523
317	25143
317	12701
318	13555
318	23114
318	18857
319	15529
319	215
319	22918
320	15845
320	4669
320	28921
320	38320
321	27496
321	6214
321	17394
322	10296
322	21867
322	27059
322	4292
322	4825
323	27002
323	3384
323	20382
323	29196
324	20992
324	11312
324	24548
324	19079
324	13666
324	7353
324	511
324	26701
324	22236
325	1995
325	5336
325	23082
326	6869
326	37473
326	8556
327	13864
327	32230
327	21936
328	13479
328	26689
328	27021
328	3755
329	4504
329	3767
329	29312
329	29022
330	7995
330	35683
330	9022
331	18949
331	14640
331	30769
332	38412
332	26524
332	21078
333	26808
333	38097
333	25737
334	38575
334	16788
334	17153
334	6990
334	12466
335	19538
335	19199
335	5159
336	8106
336	14730
336	23278
336	9269
337	7711
337	8948
337	9459
338	36247
338	23444
338	36084
338	23636
339	29341
339	4758
339	19330
339	6908
339	38545
340	20415
340	34346
340	11868
340	29532
340	9476
341	23479
341	38835
341	20560
341	3497
342	29055
342	2277
342	861
342	20988
342	13447
342	11653
342	17856
342	21071
343	8503
343	31716
343	4416
343	904
343	14857
344	5693
344	37385
344	8759
344	12104
344	18048
345	33963
345	10230
345	31598
345	9956
345	24958
345	11316
345	15291
345	35704
345	34120
345	29377
345	32453
345	33283
346	2096
346	5925
346	29344
346	13977
347	1725
347	7202
347	11045
347	17930
347	8715
348	39450
348	6536
348	1162
348	27294
349	7053
349	31451
349	19987
349	17445
349	7631
349	23607
349	34322
349	6389
350	18857
350	24550
350	11386
351	15654
351	35434
351	9365
352	2346
352	10155
352	25444
353	34423
353	8503
353	7523
353	38082
354	23117
354	10112
354	604
355	19790
355	31517
355	16290
356	33511
356	37286
356	23141
357	5899
357	2575
357	24298
357	23481
358	1410
358	22221
358	10705
358	12578
359	35374
359	21527
359	15846
359	714
359	13973
359	8418
360	25100
360	22646
360	12953
360	24487
360	37010
361	35829
361	32477
361	27141
361	30481
361	4036
362	28878
362	29523
362	23849
363	21411
363	39319
363	10035
364	20001
364	12370
364	30571
364	13734
365	26946
365	25593
365	37951
365	9478
365	32871
366	196
366	33284
366	25967
366	16594
367	8002
367	13553
367	14957
368	14208
368	16732
368	32588
368	8881
368	344
368	8276
368	3507
368	12678
368	25264
368	17447
368	20066
368	29059
368	31716
368	15781
368	36549
368	21257
368	13991
368	17817
369	35181
369	1276
369	8089
370	27927
370	9766
370	24663
371	14585
371	14967
371	39035
371	12949
372	24951
372	28624
372	4122
373	32078
373	4352
373	34492
373	23207
373	19821
373	9141
374	2966
374	39
374	24047
375	12408
375	34620
375	8457
375	11074
375	13208
375	18121
375	16616
376	668
376	12222
376	38148
377	12351
377	11134
377	16806
378	31929
378	3658
378	5991
379	34310
379	32340
379	22557
379	30949
379	25229
379	12370
379	30571
379	30327
379	29934
380	14392
380	22625
380	23141
381	26881
381	11740
381	5713
382	17539
382	21427
382	33986
383	15764
383	7889
383	11069
383	19643
384	38646
384	25099
384	31753
384	19653
384	22632
384	34200
384	9289
384	20906
384	28122
384	6060
384	29751
385	34804
385	23288
385	22550
386	39115
386	18135
386	13495
387	11048
387	15594
387	24763
388	25341
388	3045
388	19745
389	30882
389	21645
389	17309
390	22034
390	15542
390	37876
391	2541
391	13906
391	11964
392	29669
392	18431
392	1908
393	17827
393	547
393	24615
394	20586
394	35092
394	35836
394	27887
395	27240
395	6591
395	21031
395	23849
396	7406
396	29167
396	36068
396	6501
397	11392
397	20758
397	13896
397	28801
398	26712
398	9268
398	8812
399	13220
399	24522
399	6264
399	3030
400	38021
400	36370
400	10564
401	24264
401	28945
401	8
402	18151
402	19266
402	7064
402	22573
403	29440
403	38614
403	19915
404	33778
404	18619
404	32345
405	13207
405	12133
405	26540
406	2928
406	20107
406	26253
407	5165
407	21932
407	25933
407	32868
407	9348
408	2492
408	24116
408	36871
408	10705
408	4158
409	11374
409	23774
409	962
409	20466
409	3416
409	5285
409	9902
410	33105
410	36015
410	14085
411	29940
411	36732
411	13310
411	22329
411	5055
411	36322
411	1196
412	15143
412	29193
412	18817
412	2969
413	32361
413	14701
413	17901
414	34641
414	21163
414	33474
415	23113
415	22326
415	17095
416	26303
416	26969
416	17309
416	3952
417	4528
417	2909
417	18952
417	7638
417	7645
417	18662
417	4170
417	6571
417	4097
418	24422
418	26780
418	362
418	6419
418	12146
418	32467
418	27417
419	28589
419	37577
419	14154
420	16757
420	26628
420	8106
420	13613
421	36833
421	19555
421	14767
421	27916
421	520
422	25340
422	23122
422	2024
422	12837
422	37640
422	8546
422	20644
422	9897
422	16695
422	22310
422	12571
422	19636
422	38353
422	6976
423	3768
423	6080
423	37306
423	12158
424	5349
424	29074
424	23424
424	17424
425	5334
425	18470
425	16119
426	32996
426	28824
426	31447
427	13642
427	555
427	6137
428	33155
428	36133
428	26479
428	17047
429	16643
429	37138
429	7180
430	27298
430	20048
430	28309
430	6824
430	11803
430	26953
430	24332
430	32566
430	8138
430	21677
430	39191
430	14208
430	17164
430	32025
430	4051
430	30556
430	26863
430	23948
430	801
430	13097
430	4872
430	23386
431	26583
431	5762
431	11777
431	34274
431	21368
432	25547
432	31564
432	2520
432	553
432	25500
432	148
432	7745
432	11137
432	5227
433	12856
433	17880
433	36448
433	2539
434	36254
434	10720
434	20183
435	13265
435	20540
435	29975
435	24729
435	32893
436	19827
436	27999
436	35423
436	39448
436	31402
437	35635
437	7518
437	17346
437	23811
437	9553
438	14526
438	16502
438	2753
439	23227
439	1031
439	9652
439	35291
440	23974
440	4143
440	7798
441	34435
441	13298
441	29952
441	1024
442	28500
442	18405
442	13208
443	16459
443	4728
443	24113
443	18988
443	35998
444	35214
444	13339
444	20740
444	9606
444	20404
444	25772
445	24688
445	35824
445	23299
446	32572
446	20960
446	4263
447	31754
447	19710
447	29029
448	22094
448	30771
448	7561
448	12266
448	3982
448	4558
449	12490
449	26881
449	14319
450	5782
450	20013
450	8002
451	33473
451	11392
451	2389
451	5503
452	37246
452	3519
452	13497
453	35265
453	31072
453	31032
453	12228
453	13326
453	6316
453	24749
453	34129
453	4002
453	4212
454	35787
454	2676
454	37059
455	32261
455	6026
455	3519
455	21412
455	17916
456	25969
456	26309
456	32374
456	26989
456	22196
457	2224
457	28579
457	10434
458	32893
458	5407
458	36111
459	38288
459	9536
459	22915
460	25050
460	2881
460	5439
460	13353
460	8469
460	19735
460	26028
460	2657
460	37836
460	4711
460	13208
460	36322
460	31030
460	34282
460	17269
461	3821
461	13984
461	15211
461	35930
461	14503
461	8610
462	34365
462	32822
462	19778
463	6002
463	12035
463	3210
463	5043
463	36592
463	35776
463	13312
464	9626
464	1320
464	13438
465	17284
465	8759
465	37538
466	22544
466	16244
466	26988
466	33435
466	26341
467	19671
467	14037
467	34176
467	18717
467	7994
468	1664
468	17068
468	10768
469	5186
469	23849
469	21719
470	35357
470	15346
470	15040
471	36097
471	22831
471	25859
471	32219
472	903
472	28926
472	707
473	22574
473	8580
473	16326
474	3107
474	12141
474	12257
474	30378
474	39012
475	4605
475	21869
475	36396
475	7469
475	31400
475	26688
475	13252
476	26881
476	4307
476	29651
477	593
477	35383
477	9284
477	8222
478	9601
478	30894
478	24749
479	19765
479	33558
479	36369
479	2148
479	9103
480	16132
480	1270
480	34952
481	5461
481	35244
481	11375
481	11109
482	1436
482	36244
482	2547
483	154
483	11555
483	6115
483	35395
483	17006
483	32558
483	2663
483	36436
483	28694
483	17276
483	27014
483	35740
483	38457
483	8912
484	38424
484	28554
484	24186
485	16221
485	7268
485	35246
485	6475
486	11048
486	26043
486	19589
486	3092
486	28616
487	18029
487	27383
487	18802
488	30600
488	31039
488	1374
489	6426
489	37578
489	19072
490	31965
490	25315
490	31431
491	35723
491	27562
491	32184
491	5775
491	6253
492	3896
492	39069
492	14081
492	8183
493	4163
493	33655
493	37369
493	3002
494	7971
494	33657
494	29161
494	38760
495	10345
495	20197
495	32570
495	33321
496	11059
496	39231
496	11736
496	29120
496	22152
497	33751
497	7442
497	19648
498	6150
498	35846
498	14158
499	30423
499	18517
499	22847
499	17094
500	12417
500	8622
500	30204
501	27564
501	18670
501	19116
501	24465
502	645
502	22054
502	7430
503	21950
503	22954
503	37994
504	2504
504	24336
504	34380
504	33410
505	30363
505	30533
505	22625
506	7183
506	21222
506	24390
507	12052
507	26976
507	24864
508	4309
508	10350
508	27475
509	24198
509	7628
509	16583
509	34286
510	33660
510	11977
510	14342
511	16392
511	4635
511	14859
512	22457
512	31916
512	6188
512	3799
513	11352
513	3024
513	967
514	13280
514	18885
514	35908
515	18441
515	20395
515	3027
515	31733
515	3295
515	3210
516	18157
516	36284
516	30069
516	36026
517	24639
517	6894
517	18472
517	28762
517	19105
517	11793
517	27828
517	10445
517	11833
518	35227
518	15850
518	37675
519	28629
519	26312
519	7327
520	24595
520	33544
520	16913
521	24035
521	29350
521	24472
521	16005
521	36864
521	11750
522	4344
522	31267
522	31676
523	4250
523	9299
523	4577
523	20543
523	7995
523	24643
523	13756
523	25971
523	35037
524	24069
524	8222
524	18376
525	1883
525	6887
525	23657
525	15974
525	24718
526	3145
526	35435
526	16488
526	14371
527	29615
527	1926
527	16904
528	38494
528	25288
528	36614
529	17868
529	5487
529	26050
530	38715
530	2183
530	33420
531	21276
531	13028
531	28636
531	18857
531	38707
532	13115
532	20855
532	38922
532	17465
533	12124
533	38295
533	12741
533	35532
533	18921
534	27360
534	34115
534	14992
534	107
534	780
534	27841
534	31498
534	37898
534	35388
535	30062
535	8706
535	19199
536	28371
536	8086
536	9527
537	10159
537	19140
537	31072
537	17366
537	38516
537	6580
537	9190
537	15453
537	19437
537	38892
537	12244
537	513
537	651
537	30393
537	22658
538	27290
538	33760
538	25901
539	26214
539	37836
539	16053
540	3444
540	10538
540	10767
540	39271
541	1148
541	27008
541	22605
542	18988
542	25286
542	31415
543	1171
543	12215
543	39120
543	30738
543	21840
543	7929
543	30240
543	6000
543	24750
544	6084
544	28740
544	16429
545	21359
545	24417
545	26774
545	15994
546	35453
546	36422
546	15764
547	18780
547	8055
547	31716
547	102
548	35713
548	5921
548	1843
548	13143
548	31483
548	891
548	32219
548	22367
548	30242
549	36113
549	28997
549	1070
550	16738
550	6759
550	11254
550	2518
550	23518
550	6864
550	32066
550	37860
550	21548
551	6936
551	12406
551	38451
551	27118
551	10451
552	37093
552	30303
552	29054
552	26148
552	16241
553	9984
553	36800
553	9171
554	18801
554	17742
554	3496
555	8334
555	34299
555	22296
555	11177
555	34940
555	8217
556	20234
556	26629
556	25120
556	30161
556	34490
556	36667
556	31973
556	4416
556	3046
557	39066
557	14316
557	8954
557	2512
558	23201
558	7385
558	10768
558	37396
559	4891
559	4813
559	32609
560	35785
560	7191
560	14450
560	13156
560	11238
560	7601
561	37914
561	25928
561	25781
562	38675
562	23435
562	37147
562	26672
563	18014
563	19087
563	3164
564	29644
564	4197
564	20733
565	5828
565	32762
565	24062
565	3255
565	6782
566	6686
566	14206
566	16313
567	10735
567	35724
567	20752
567	37246
567	38184
567	28122
568	22939
568	19301
568	26609
568	25737
569	32798
569	15803
569	38403
570	36426
570	30937
570	30136
570	35083
570	8718
570	14906
571	24678
571	3104
571	7322
572	27951
572	23199
572	29583
573	7919
573	39447
573	37478
574	11746
574	27892
574	23658
574	10203
574	3319
575	36133
575	6868
575	1750
576	1133
576	14143
576	28768
577	21784
577	29161
577	38760
577	38682
578	6866
578	1986
578	6268
579	31837
579	31578
579	26689
580	14519
580	4452
580	29812
581	28609
581	37738
581	10637
582	19133
582	17610
582	15584
582	26763
583	27099
583	33374
583	8569
584	26838
584	36035
584	13606
584	37147
584	20115
584	30650
584	26872
585	5332
585	12890
585	18156
585	3349
586	539
586	18799
586	14407
586	20620
587	4057
587	19284
587	9411
587	2562
587	28867
588	5385
588	4325
588	7669
588	32825
588	266
589	5801
589	36237
589	4979
590	24734
590	13726
590	33585
591	9446
591	12226
591	24330
592	25409
592	18736
592	1333
592	7976
592	21607
593	33293
593	36745
593	3770
593	1490
593	6541
594	780
594	24436
594	22927
594	2934
595	19782
595	1664
595	25511
595	10562
596	1818
596	25059
596	22163
596	34585
597	23956
597	25863
597	18402
597	30227
598	25192
598	2557
598	28520
599	16341
599	13832
599	22599
599	28696
599	17044
599	10894
599	19424
600	6082
600	16285
600	9171
600	9232
601	32618
601	27400
601	13809
601	13116
602	12959
602	26693
602	668
602	11387
602	12998
602	23259
602	27715
602	26688
602	13710
602	24254
602	2078
602	8652
602	29874
602	29830
602	851
602	553
602	4197
602	25221
602	10592
602	18856
602	3755
602	36341
602	7818
602	17529
602	15324
602	6306
602	21836
602	19610
603	27232
603	33270
603	4662
604	16221
604	10835
604	1858
605	33804
605	31081
605	21772
605	34753
605	24393
606	32311
606	38493
606	25105
606	19410
607	19647
607	7980
607	2356
607	23849
608	7185
608	2215
608	1897
608	8768
608	27978
608	31151
608	2247
608	30071
609	21088
609	39316
609	39407
610	21704
610	38412
610	35533
610	5697
610	37147
610	17748
610	8874
611	23156
611	11189
611	2386
612	14353
612	7520
612	39327
613	9956
613	6465
613	34578
614	23840
614	2520
614	30204
614	28155
614	8825
614	11501
614	29459
614	25354
615	7162
615	31441
615	4601
615	17246
616	8191
616	36407
616	24842
617	20364
617	3372
617	13314
618	25035
618	35811
618	9701
618	7914
618	23907
618	1782
618	14113
618	12370
618	9222
618	39159
618	10603
618	32590
619	31451
619	25211
619	13689
619	2275
620	9611
620	28296
620	22806
620	6790
621	13188
621	27774
621	4475
622	1147
622	22905
622	9629
623	29950
623	20395
623	11905
623	35512
624	963
624	2025
624	36235
625	11778
625	7038
625	18208
626	4462
626	34300
626	19121
626	5678
627	7070
627	29022
627	12642
627	26049
628	542
628	5704
628	19468
628	27270
628	38180
629	27712
629	37441
629	30183
630	3023
630	26028
630	2028
630	3024
631	36158
631	36030
631	10827
631	21095
632	13263
632	35435
632	36410
633	29787
633	16749
633	33054
633	37898
633	13957
634	24639
634	27811
634	33948
635	36698
635	38167
635	36267
636	15139
636	8843
636	6967
637	6367
637	5182
637	9526
637	7196
637	11647
637	733
638	22219
638	21008
638	31072
639	37754
639	6189
639	29798
639	28923
639	6106
639	12417
640	9277
640	36789
640	31191
641	38953
641	26579
641	14688
642	13169
642	24936
642	18865
643	28593
643	13829
643	8705
644	15885
644	9399
644	7788
645	21256
645	27516
645	30058
645	18987
645	8332
645	30863
646	12208
646	7389
646	32857
646	18685
647	13063
647	13854
647	29007
647	20767
648	30244
648	37964
648	19924
649	4101
649	22836
649	540
649	10896
649	12506
649	31414
650	1839
650	9788
650	6524
651	27099
651	8768
651	15057
652	7077
652	19518
652	26329
653	34379
653	33776
653	15041
653	30244
654	38068
654	591
654	38379
654	20453
654	36837
654	17575
655	36411
655	21487
655	16776
656	1341
656	1651
656	28059
657	19553
657	10218
657	5144
658	8595
658	20002
658	28148
659	39439
659	11084
659	1217
660	20704
660	8561
660	440
660	38501
661	19593
661	16328
661	4837
661	34086
661	2837
661	22283
661	29341
661	24768
661	23781
661	3640
661	38933
661	28496
661	6955
661	37977
662	34525
662	8288
662	22777
662	10939
663	15159
663	30771
663	30699
663	4672
664	5265
664	36095
664	34194
665	31911
665	19711
665	17800
665	2022
666	17128
666	15019
666	10583
666	25728
667	21978
667	7522
667	9072
667	18107
667	12002
667	21335
667	14475
667	22496
667	20242
667	26540
667	5512
668	25263
668	854
668	33622
669	9644
669	1857
669	10793
670	1490
670	30835
670	33163
670	26604
670	29618
670	34781
671	120
671	18951
671	14988
672	33828
672	13326
672	39327
673	32153
673	22655
673	10703
674	37311
674	7638
674	27030
674	17075
675	18708
675	32854
675	21350
676	11192
676	33263
676	38117
676	2539
676	21054
676	9327
676	29265
676	38506
676	3286
676	11298
677	28606
677	31498
677	26862
677	2946
678	29470
678	36101
678	148
678	7795
678	18555
679	603
679	30033
679	24261
679	8948
680	33291
680	2651
680	13044
681	28363
681	1100
681	9443
682	10165
682	24585
682	24936
683	36254
683	33521
683	30630
683	257
683	28610
684	6991
684	24132
684	2026
684	5926
684	19853
684	19763
684	15345
684	18821
684	22221
685	26409
685	38722
685	25725
686	17551
686	33609
686	14947
686	32763
686	17042
687	4153
687	36580
687	14735
687	11377
688	314
688	6569
688	30359
689	30370
689	8222
689	36412
689	30053
689	15510
689	32642
689	7315
690	25098
690	6372
690	28142
690	7393
691	12642
691	31832
691	38348
692	10212
692	6972
692	12979
693	3920
693	33374
693	2244
694	16541
694	31593
694	28481
694	13287
694	32497
694	24575
695	15619
695	16921
695	37184
696	36115
696	19284
696	19123
697	3648
697	13495
697	17243
698	18364
698	18035
698	18554
698	14629
699	23139
699	20872
699	25876
700	28990
700	37118
700	3626
701	35011
701	33024
701	10978
701	37761
701	36398
702	24330
702	23884
702	8476
703	2486
703	3101
703	16576
704	37176
704	16604
704	20888
705	16181
705	14804
705	31405
705	23141
706	18951
706	120
706	14988
707	35553
707	18857
707	37406
708	11946
708	37303
708	1057
708	37935
708	23455
708	35764
708	22851
708	27299
708	38092
708	36580
708	23382
708	37975
709	18855
709	12658
709	25935
710	19521
710	5442
710	32261
711	19737
711	10254
711	2753
712	10067
712	32692
712	26090
713	31399
713	17477
713	6794
713	30844
714	23715
714	32262
714	8556
714	23060
715	22123
715	33268
715	13573
716	12979
716	38760
716	10206
717	24095
717	31942
717	28027
717	34648
718	22462
718	1742
718	14463
719	17381
719	34253
719	39314
719	14393
720	22538
720	37274
720	32664
720	7971
720	37966
721	38298
721	30365
721	19087
721	18539
722	22034
722	6873
722	26827
722	23612
722	30845
722	3737
722	17501
722	11987
723	19648
723	14733
723	14271
724	19815
724	24975
724	38327
725	26622
725	30099
725	2246
726	33828
726	2881
726	14129
726	31869
726	4523
726	6033
726	19069
726	2026
726	19206
726	10485
726	4294
726	20985
726	14957
726	18407
726	35609
726	32243
726	4295
726	38479
726	30626
726	17985
726	35304
727	25298
727	39327
727	9688
727	8731
728	36484
728	8283
728	28921
729	17118
729	36312
729	3256
730	32152
730	13264
730	20983
730	14807
730	10281
730	22907
730	18068
730	16498
730	8808
730	24700
730	18555
730	33855
730	32562
730	30904
731	18726
731	1411
731	23060
731	14387
731	23477
731	38793
732	36513
732	4807
732	37167
732	22219
733	24314
733	33260
733	6173
734	22546
734	30952
734	22321
734	15051
734	6357
734	14928
734	37132
735	16308
735	18268
735	19344
736	3255
736	7091
736	28954
737	5481
737	27259
737	27329
737	38462
737	14722
737	6178
738	4784
738	19074
738	15560
738	9819
739	17177
739	28789
739	8861
740	21472
740	15923
740	10536
740	16010
740	22362
740	24964
740	11150
741	24309
741	39313
741	36866
742	12979
742	13842
742	7971
742	33006
742	21784
742	38682
743	4250
743	24151
743	5189
743	19480
743	21772
743	37411
744	25769
744	1713
744	4534
745	4321
745	23712
745	36817
745	26045
745	19754
746	12087
746	25958
746	37286
746	30295
747	16441
747	37663
747	25433
747	5877
747	13546
748	13984
748	22126
748	24687
748	37553
748	24200
748	2758
749	12002
749	6220
749	9771
750	38110
750	31691
750	2363
750	9707
750	34810
750	9204
750	31785
750	7939
750	35998
750	14321
751	25969
751	35775
751	7468
751	28324
751	5043
751	5559
751	18405
751	12498
751	18463
752	11939
752	36022
752	15131
752	7002
752	23465
752	39013
752	24535
752	21743
752	19789
752	21473
753	7442
753	16237
753	3607
754	35052
754	16186
754	32168
755	20420
755	1271
755	15372
756	1681
756	2389
756	4944
757	28033
757	23681
757	1436
757	36513
758	19765
758	11673
758	460
759	34580
759	17490
759	13113
759	19257
760	2450
760	5533
760	821
760	29956
760	11022
761	19737
761	37085
761	29989
762	25128
762	19337
762	24318
763	18174
763	31837
763	10363
763	8256
763	4607
763	34558
763	39161
763	10144
764	35512
764	30644
764	26648
764	8365
764	11750
764	5952
764	17525
765	17114
765	16298
765	14910
766	15715
766	31179
766	12948
767	18857
767	34435
767	26244
767	29787
768	11873
768	23892
768	25382
769	36669
769	5571
769	16477
769	14130
769	33735
769	7770
769	30206
769	30553
769	16206
769	8556
769	23093
770	17516
770	3161
770	25001
771	32997
771	7200
771	36021
771	17719
771	2967
771	37559
772	34949
772	33539
772	28027
773	8457
773	22706
773	23821
773	20066
773	22919
773	11114
773	35984
773	13353
773	34844
773	5002
773	16775
773	19518
774	12833
774	20745
774	9733
775	18223
775	16892
775	29611
775	26305
775	32664
775	13416
776	17805
776	11159
776	10523
777	13056
777	19838
777	14460
777	933
777	34309
778	25946
778	11192
778	20603
779	1964
779	19163
779	3364
780	38054
780	30171
780	7168
781	23973
781	13888
781	22583
782	32603
782	20983
782	17935
782	30275
782	8220
782	23882
782	31837
782	21495
782	33510
782	23849
782	18597
782	22919
782	23694
782	26669
782	5260
782	31698
782	16771
782	19938
782	18589
783	14402
783	4095
783	28389
783	35759
784	4533
784	7572
784	38157
785	22803
785	34977
785	36490
786	39419
786	12287
786	21098
786	35863
786	12838
786	28739
786	5266
787	32613
787	32114
787	26572
787	16498
788	28184
788	26172
788	366
788	24241
789	33476
789	26517
789	31072
789	39301
789	15453
790	36698
790	21579
790	8140
791	21960
791	9456
791	13800
792	31181
792	22990
792	14448
792	2290
793	8409
793	12301
793	38476
794	9399
794	24703
794	10433
794	3825
795	1040
795	23842
795	6332
796	14453
796	38741
796	31470
797	26955
797	27912
797	31324
797	2087
798	28517
798	2767
798	21215
799	14879
799	4096
799	29134
800	4026
800	34575
800	27263
800	29830
801	21026
801	28076
801	22005
801	16322
801	31114
801	26119
802	16240
802	15762
802	34165
802	25636
802	9442
802	13710
802	27715
802	31317
803	16856
803	31341
803	37647
804	24760
804	25954
804	5243
804	30425
804	36026
805	29478
805	1175
805	32036
805	35058
805	8308
805	27828
806	35663
806	20916
806	35110
807	34361
807	5999
807	29828
808	26475
808	15208
808	39420
809	25933
809	17269
809	36599
809	34317
809	2391
809	29351
809	1657
810	8725
810	10042
810	7384
811	29055
811	17316
811	11670
811	1616
811	10473
811	10581
812	33168
812	15422
812	20758
813	23533
813	39318
813	35811
813	17336
813	35502
813	23119
814	14168
814	5316
814	15918
815	26792
815	22970
815	18802
816	28454
816	25272
816	14865
816	20740
817	25338
817	7118
817	2845
818	10490
818	18417
818	9449
818	28681
819	4427
819	16326
819	25434
819	25102
819	31072
820	26021
820	5320
820	28484
821	29608
821	30345
821	18121
822	17314
822	1241
822	22689
822	3911
823	17525
823	19518
823	5952
823	18004
824	3866
824	29831
824	28055
825	10836
825	36685
825	24718
826	31519
826	26459
826	21760
827	20730
827	33648
827	20733
828	14332
828	21132
828	31193
829	36560
829	9022
829	9233
830	821
830	26571
830	1752
831	37538
831	18177
831	780
832	11654
832	14087
832	25079
832	21303
833	19623
833	33303
833	8997
834	3076
834	34781
834	29487
834	2075
834	10945
834	19608
834	22968
835	34883
835	24809
835	4003
835	11717
836	37286
836	12414
836	20507
837	26199
837	2246
837	7279
837	21834
837	26090
838	3384
838	21537
838	38804
838	21980
839	22909
839	29040
839	20054
839	23855
839	17363
840	1641
840	36657
840	348
840	9119
840	6015
841	35344
841	35485
841	7841
841	5899
842	14446
842	19200
842	25756
842	11865
843	6143
843	21085
843	39134
843	33270
843	12244
844	26755
844	38389
844	22162
844	22219
844	21843
845	11905
845	28030
845	25459
845	26769
846	14873
846	2882
846	12140
847	8144
847	17748
847	30092
848	7919
848	8779
848	17863
849	31270
849	12979
849	37645
849	32664
849	12244
849	29611
849	37274
850	30922
850	28464
850	21352
851	32558
851	16218
851	36668
851	31562
851	10499
851	37917
851	24644
851	14941
852	22419
852	24183
852	8813
853	31742
853	37132
853	6918
853	30719
854	15736
854	11092
854	32677
855	18804
855	34905
855	33601
856	36526
856	35439
856	8358
856	34834
857	17648
857	35940
857	24333
857	14584
858	22383
858	26403
858	38516
858	16326
858	7995
859	27754
859	7458
859	4113
859	33351
859	2547
860	2087
860	17522
860	4735
861	7974
861	38292
861	33701
862	39167
862	20368
862	7718
863	3174
863	30683
863	28339
863	11857
863	18128
863	17503
864	21390
864	18427
864	21068
865	35265
865	31912
865	8549
866	33915
866	20382
866	27275
867	9409
867	13691
867	29055
868	17748
868	38587
868	4232
868	29348
869	4661
869	28175
869	36398
870	32875
870	12197
870	27668
870	8021
870	27647
870	36566
870	3443
870	27959
871	13531
871	12744
871	1972
872	25748
872	8005
872	8890
872	1716
873	37145
873	1181
873	34379
873	1434
874	37502
874	38943
874	36072
875	20179
875	7756
875	11741
875	24193
875	27668
876	5174
876	7443
876	9002
876	30904
877	22379
877	39115
877	28410
877	6132
877	15974
878	39155
878	30457
878	4670
878	16307
878	31733
878	39344
878	18359
878	3691
878	10872
878	7486
878	5245
878	1694
878	26681
878	39221
878	37657
878	31817
878	30382
878	8324
879	3440
879	38941
879	33395
880	14122
880	26416
880	17236
880	20278
880	13298
881	32837
881	20174
881	19409
881	32443
881	37477
881	15835
881	29487
881	18515
881	33963
881	30973
881	10358
881	12363
881	4821
882	8575
882	15874
882	4174
882	27936
883	13226
883	16312
883	12084
883	35191
884	6344
884	39339
884	32842
885	5698
885	3384
885	37236
885	20399
885	32243
886	17748
886	39249
886	39156
887	749
887	26384
887	37786
888	23630
888	1858
888	6132
888	13996
888	33599
888	29328
888	615
889	21103
889	28017
889	28845
889	14436
890	7640
890	13920
890	24120
890	23055
890	35935
890	30470
890	25284
890	4563
891	9360
891	26126
891	14568
892	21917
892	32562
892	22496
893	15705
893	10735
893	34546
893	4290
893	32429
893	38292
894	19138
894	34429
894	8140
895	28033
895	30698
895	9252
895	530
895	38232
896	23893
896	9808
896	5395
896	25401
897	15765
897	31871
897	32787
898	13206
898	10191
898	31585
898	18889
899	6595
899	5472
899	30
899	24253
900	27141
900	21289
900	23224
900	34549
900	22606
901	34545
901	20388
901	33174
902	33352
902	4222
902	10281
903	25068
903	35387
903	30139
903	38937
904	1246
904	11974
904	20642
904	14817
905	28553
905	32592
905	22335
906	22309
906	12804
906	25324
907	26265
907	17922
907	29925
907	32590
908	34742
908	29523
908	25183
908	32777
909	36857
909	11468
909	19480
910	32009
910	18817
910	11124
911	21301
911	7902
911	7138
911	32481
911	15769
912	22094
912	22222
912	37144
913	27702
913	26390
913	31846
913	35169
914	7766
914	28721
914	31209
915	18058
915	1891
915	19802
915	3778
916	20592
916	3351
916	22495
917	94
917	30659
917	5830
918	7571
918	31498
918	27014
918	22098
919	32180
919	28206
919	26178
920	12313
920	20829
920	29787
920	17860
920	25561
920	7276
920	4400
921	20036
921	25158
921	38155
922	2489
922	3626
922	4682
923	9649
923	12517
923	35153
923	21523
923	89
924	8002
924	13780
924	16506
924	24436
924	24651
925	33350
925	36194
925	12590
925	35901
926	154
926	36156
926	6463
927	4764
927	32457
927	31814
928	38414
928	17734
928	6579
929	36776
929	34359
929	1123
930	34505
930	15883
930	20080
930	30922
930	38268
930	35488
930	37338
931	2087
931	21784
931	29611
931	33657
931	30702
931	35683
932	231
932	21308
932	21464
932	6473
932	6609
933	34488
933	6017
933	22602
934	32236
934	14723
934	12832
934	15732
934	19654
935	37248
935	12964
935	28307
935	10433
935	6595
936	23948
936	37647
936	31593
937	14690
937	37869
937	8350
938	28272
938	39349
938	18223
938	23647
939	36698
939	2870
939	34356
939	5058
939	22919
939	37025
939	28018
940	25951
940	1201
940	11910
941	6476
941	8371
941	18824
941	13915
942	24422
942	517
942	3574
943	34377
943	1521
943	2545
944	18388
944	18688
944	30776
944	11318
944	26925
944	20733
945	36803
945	29823
945	18579
945	8861
946	21936
946	29397
946	27842
947	23893
947	12619
947	25380
948	33673
948	31878
948	29045
949	14869
949	31108
949	31606
949	25101
950	16454
950	14571
950	23695
950	6586
951	1421
951	5905
951	11311
951	3255
951	8994
952	16782
952	23018
952	24113
952	22050
952	30600
953	25707
953	24417
953	26176
954	18168
954	35082
954	14090
954	19154
955	3438
955	37840
955	3013
956	21169
956	22424
956	10626
957	4309
957	22034
957	21151
957	21163
957	14367
958	37613
958	6370
958	23849
959	13619
959	10913
959	14246
960	23787
960	999
960	28699
960	35197
961	3703
961	13893
961	9494
962	35651
962	7284
962	32567
963	8914
963	14291
963	35734
964	899
964	24912
964	10639
964	37605
965	35426
965	19127
965	5608
965	33339
965	24949
965	35048
966	11026
966	35386
966	13767
966	35134
967	23383
967	31918
967	2444
968	7251
968	20706
968	36897
969	32078
969	28639
969	14147
970	36632
970	37157
970	28615
970	9867
971	19931
971	18116
971	289
972	14237
972	18115
972	1279
973	6258
973	24006
973	37836
973	23733
973	32838
973	33661
974	34057
974	15618
974	36113
974	34149
974	15882
975	8776
975	30512
975	30668
975	16884
976	7849
976	22096
976	26934
977	21550
977	22763
977	6580
978	23280
978	19787
978	24979
979	17551
979	5664
979	32937
980	2944
980	31980
980	27070
981	5041
981	14562
981	36887
981	34350
981	6280
981	8394
981	15016
981	20124
981	15195
981	5790
981	34684
981	36741
981	28442
982	2419
982	1053
982	15375
982	20336
983	25567
983	8002
983	14087
983	733
983	21042
984	29687
984	22462
984	20720
984	14712
984	17173
984	30351
985	36438
985	12124
985	14275
986	28048
986	14271
986	30537
986	21925
987	34583
987	10689
987	19087
987	29523
987	20544
987	16785
987	3164
988	3589
988	35050
988	24857
988	3319
988	36158
988	24167
989	38944
989	17832
989	35308
989	17060
990	15666
990	17944
990	419
991	14267
991	10943
991	9153
991	33766
991	11925
992	36013
992	24384
992	35091
992	7912
992	19936
992	27584
992	18675
993	27761
993	25522
993	19620
993	37588
993	36061
993	9957
994	23756
994	26433
994	24156
995	11759
995	19363
995	5610
995	9759
996	20048
996	11576
996	34399
997	26434
997	33681
997	24266
997	23768
997	4763
998	28514
998	34507
998	196
998	35324
998	34678
999	821
999	20368
999	24054
999	16461
1000	33977
1000	1410
1000	38516
1000	22147
1000	17366
1000	35265
1001	6062
1001	4837
1001	32132
1002	14792
1002	22046
1002	32597
1003	2012
1003	31018
1003	2195
1004	25101
1004	8598
1004	33243
1004	5312
1004	10855
1005	33221
1005	2092
1005	26301
1005	24539
1006	6421
1006	26869
1006	31232
1006	21993
1007	28752
1007	13842
1007	30991
1007	34718
1007	2354
1008	35286
1008	20936
1008	9143
1008	13730
1009	26571
1009	36732
1009	39170
1010	4384
1010	8147
1010	39054
1011	23932
1011	33491
1011	23162
1012	5376
1012	38875
1012	36449
1013	1742
1013	27068
1013	823
1014	18756
1014	37833
1014	8002
1014	27018
1014	35366
1015	30571
1015	32187
1015	29292
1015	36257
1016	16746
1016	23726
1016	21796
1017	30684
1017	11688
1017	24232
1017	29644
1017	8744
1018	23490
1018	20045
1018	10968
1019	38410
1019	33601
1019	35538
1019	2389
1020	20053
1020	19152
1020	6358
1021	33806
1021	10531
1021	8839
1021	12268
1021	11838
1021	10449
1022	2087
1022	32474
1022	25366
1023	124
1023	31517
1023	5321
1023	29644
1023	24800
1023	37279
1023	37400
1023	31276
1023	9297
1023	28939
1024	5487
1024	37767
1024	3518
1025	36662
1025	1664
1025	20894
1026	18121
1026	4192
1026	20831
1026	36380
1027	7472
1027	38937
1027	22221
1027	23863
1027	107
1027	14618
1027	35274
1027	33405
1027	864
1027	12550
1028	20967
1028	3249
1028	17506
1029	2976
1029	18737
1029	33189
1029	1873
1029	33487
1030	2506
1030	15522
1030	30572
1031	712
1031	18591
1031	17517
1031	33753
1031	36031
1031	25245
1032	8173
1032	19654
1032	29658
1032	20780
1033	2451
1033	18102
1033	6094
1034	27991
1034	15588
1034	26829
1035	9091
1035	39110
1035	2881
1036	29240
1036	17721
1036	35815
1036	821
1037	12130
1037	38875
1037	38416
1038	32076
1038	29777
1038	27036
1038	36560
1039	301
1039	3064
1039	10592
1039	28921
1040	8308
1040	14042
1040	27415
1041	27132
1041	6224
1041	24112
1042	5095
1042	19634
1042	17276
1042	38531
1042	16426
1042	25925
1042	36880
1042	29382
1042	3486
1042	6861
1043	34781
1043	39399
1043	33979
1043	18106
1043	35114
1043	29271
1044	17267
1044	13079
1044	20473
1045	3214
1045	1216
1045	5260
1046	22336
1046	16474
1046	19480
1047	33127
1047	32235
1047	30070
1047	24920
1048	13420
1048	17143
1048	26383
1048	35831
1049	36106
1049	6419
1049	33016
1050	7071
1050	21088
1050	29530
1050	31252
1051	34365
1051	11511
1051	773
1051	29858
1051	14642
1052	17060
1052	22545
1052	22699
1053	28673
1053	38420
1053	11439
1054	3255
1054	26454
1054	35265
1055	17488
1055	29051
1055	35012
1055	21783
1056	187
1056	24342
1056	22051
1056	13100
1057	30459
1057	7723
1057	23581
1057	34317
1057	9782
1057	36111
1058	25285
1058	17818
1058	29606
1059	18660
1059	30165
1059	7979
1059	25798
1059	38358
1059	5532
1059	19233
1059	18589
1060	31192
1060	13208
1060	8516
1060	17200
1061	9182
1061	19735
1061	8556
1062	17945
1062	10941
1062	37242
1063	38563
1063	7802
1063	13263
1063	23883
1063	27817
1063	32551
1064	2028
1064	38268
1064	10647
1065	33720
1065	1689
1065	29041
1065	35770
1066	34222
1066	25855
1066	27254
1066	28601
1066	2893
1067	20793
1067	24681
1067	25599
1068	37814
1068	8308
1068	35037
1068	25971
1069	22908
1069	4561
1069	23216
1069	9665
1070	16634
1070	375
1070	32812
1070	32169
1071	17373
1071	38356
1071	16271
1071	22496
1071	21345
1072	16217
1072	13540
1072	34804
1073	26571
1073	28808
1073	4322
1073	30994
1074	32603
1074	38873
1074	5410
1074	2491
1074	37380
1074	27665
1074	26394
1074	6262
1075	6869
1075	3994
1075	27021
1076	20523
1076	3195
1076	25298
1077	7714
1077	2193
1077	39352
1077	16438
1077	31606
1078	18121
1078	19718
1078	10348
1078	31709
1078	16144
1079	24649
1079	7610
1079	22662
1079	27853
1080	668
1080	23086
1080	21312
1080	32745
1081	39111
1081	3106
1081	31243
1082	34901
1082	17166
1082	22543
1082	25421
1082	5122
1083	5358
1083	14865
1083	32184
1083	6894
1083	19574
1083	25369
1083	39053
1083	15300
1083	2970
1083	36295
1083	34104
1084	11099
1084	549
1084	21184
1085	19289
1085	29158
1085	4608
1085	28927
1086	31114
1086	17550
1086	6212
1086	12586
1086	31806
1087	27697
1087	37494
1087	25161
1087	12086
1087	27906
1087	39359
1087	26847
1087	23595
1087	33873
1088	18507
1088	20267
1088	19232
1088	31077
1088	2033
1088	22285
1088	5703
1088	25082
1089	19163
1089	11805
1089	37262
1089	30533
1090	9746
1090	8281
1090	2632
1091	9593
1091	39302
1091	6263
1092	16642
1092	17068
1092	39324
1093	2767
1093	11248
1093	34475
1093	8556
1093	20676
1094	17366
1094	31440
1094	25946
1094	25362
1095	17651
1095	36586
1095	3515
1096	9194
1096	24847
1096	29175
1096	15129
1096	20876
1097	15845
1097	22324
1097	29793
1097	23849
1098	8626
1098	18663
1098	19447
1098	25429
1099	10757
1099	18063
1099	12330
1099	29792
1099	6721
1100	1315
1100	33828
1100	36111
1100	38155
1101	14577
1101	33623
1101	9571
1102	33683
1102	13749
1102	14614
1103	26122
1103	14361
1103	28755
1103	27325
1103	12589
1104	19349
1104	3688
1104	8287
1104	14779
1105	6854
1105	4505
1105	13790
1106	10114
1106	4933
1106	30904
1107	4470
1107	21981
1107	15591
1108	341
1108	39145
1108	17733
1108	16308
1108	15815
1108	190
1108	16825
1108	35532
1108	2116
1108	30835
1108	33844
1108	416
1108	21104
1108	23815
1108	5885
1108	23758
1108	13160
1109	10715
1109	34693
1109	37588
1110	19275
1110	34952
1110	30245
1111	19615
1111	23948
1111	25338
1112	6438
1112	6915
1112	34810
1113	29022
1113	7070
1113	27930
1113	11910
1114	12312
1114	35079
1114	4033
1115	38148
1115	22085
1115	38026
1115	38455
1116	23796
1116	12232
1116	17530
1117	38123
1117	30592
1117	28677
1117	12669
1117	26050
1117	29844
1117	29457
1117	15923
1117	14155
1117	8768
1117	26283
1117	29
1118	15040
1118	34782
1118	15456
1119	13658
1119	31918
1119	37661
1119	14721
1119	22027
1120	19596
1120	13621
1120	35528
1120	14079
1121	35512
1121	8204
1121	1671
1121	20347
1121	19648
1121	38461
1122	9694
1122	3489
1122	12973
1123	13610
1123	27290
1123	27785
1124	29501
1124	33214
1124	6369
1125	15686
1125	20746
1125	13331
1126	26724
1126	23849
1126	4242
1126	27441
1126	21180
1127	4777
1127	24729
1127	30869
1128	17486
1128	18012
1128	19559
1128	20465
1128	7275
1128	6834
1129	5441
1129	24440
1129	31407
1129	22379
1130	13423
1130	4715
1130	34690
1131	17935
1131	1705
1131	26246
1131	33629
1131	30167
1132	12136
1132	32852
1132	25401
1132	26473
1133	22499
1133	1695
1133	24847
1133	32023
1133	604
1133	17135
1134	33243
1134	28977
1134	23490
1134	29307
1134	17469
1135	11073
1135	12458
1135	1071
1135	33536
1136	15263
1136	34952
1136	2430
1137	22574
1137	26403
1137	38516
1137	31072
1137	37403
1137	29030
1138	15888
1138	389
1138	7458
1138	26869
1139	9698
1139	23566
1139	13464
1140	19514
1140	14130
1140	31721
1140	33788
1140	15962
1140	10281
1140	13657
1140	38859
1140	35726
1141	21980
1141	14334
1141	17761
1141	18159
1142	21020
1142	20283
1142	20767
1143	37642
1143	35969
1143	6779
1143	5296
1143	1443
1143	6958
1144	9113
1144	20317
1144	29721
1144	11725
1145	27990
1145	6753
1145	5693
1146	21889
1146	17581
1146	8812
1147	32005
1147	16000
1147	1157
1147	34605
1147	37828
1147	5148
1148	8436
1148	21525
1148	5509
1149	23852
1149	11521
1149	3771
1150	5835
1150	14394
1150	18663
1151	8505
1151	25543
1151	28244
1151	11279
1151	9113
1152	10913
1152	26028
1152	29497
1153	1444
1153	33315
1153	11827
1154	31733
1154	37381
1154	11392
1154	13030
1154	35091
1155	10648
1155	29929
1155	29114
1155	20063
1156	27572
1156	28809
1156	30265
1156	23412
1157	36618
1157	30048
1157	19782
1158	22803
1158	5611
1158	34475
1158	38608
1158	24763
1158	31716
1159	23479
1159	25683
1159	12103
1160	16477
1160	5532
1160	5818
1160	15444
1160	27606
1160	10496
1160	36537
1161	28470
1161	17701
1161	3707
1162	31169
1162	32415
1162	31892
1163	22961
1163	7438
1163	27840
1163	8553
1164	18776
1164	37970
1164	9471
1164	30032
1164	29970
1164	5526
1165	11202
1165	35583
1165	36731
1165	19625
1165	38952
1165	24960
1166	10530
1166	20431
1166	15294
1167	25202
1167	33781
1167	37972
1168	19549
1168	24176
1168	15289
1169	22630
1169	19013
1169	39110
1169	17132
1169	14571
1169	38980
1169	286
1169	15601
1169	37898
1169	30839
1170	30063
1170	33361
1170	29888
1170	13026
1171	3489
1171	15521
1171	2967
1171	5873
1171	28761
1171	28632
1171	32997
1171	31837
1172	14573
1172	2851
1172	29298
1173	7070
1173	24289
1173	35306
1174	21762
1174	22901
1174	10071
1174	29069
1175	16859
1175	28567
1175	7489
1176	21070
1176	18876
1176	23295
1176	3231
1176	27161
1176	27321
1176	38512
1177	10735
1177	38356
1177	28873
1178	20124
1178	14321
1178	251
1178	32721
1178	27214
1179	38269
1179	995
1179	17461
1179	9787
1180	14983
1180	11396
1180	13611
1180	19053
1180	5077
1181	6225
1181	21139
1181	13842
1181	39122
1181	8696
1181	13530
1181	36126
1182	907
1182	39115
1182	28953
1182	4661
1182	27761
1183	2518
1183	117
1183	14185
1183	31916
1183	14896
1183	26020
1184	1316
1184	14114
1184	7535
1184	36841
1185	25504
1185	31645
1185	13252
1185	39139
1185	37147
1185	24989
1186	22625
1186	18597
1186	553
1186	28606
1187	1806
1187	26133
1187	22221
1188	37961
1188	13143
1188	31483
1188	35713
1188	1843
1189	3227
1189	13900
1189	12137
1189	24225
1189	12033
1190	35783
1190	2371
1190	9876
1191	31837
1191	11223
1191	28400
1192	5762
1192	33343
1192	33316
1193	21740
1193	34138
1193	14674
1194	38463
1194	20128
1194	15153
1194	38148
1194	28625
1194	19264
1195	9670
1195	28606
1195	21633
1196	27994
1196	16301
1196	20045
1197	13342
1197	34263
1197	27631
1198	39156
1198	13999
1198	9003
1198	32405
1198	38841
1199	36411
1199	31814
1199	3917
1199	14966
1200	21362
1200	4057
1200	12149
1200	18885
1200	2528
1200	24934
1200	31910
1200	14411
1200	29940
1201	30702
1201	13842
1201	10206
1202	37613
1202	7740
1202	36068
1202	971
1203	17568
1203	3384
1203	31192
1203	16195
1203	32492
1204	15762
1204	2045
1204	7667
1204	32189
1205	15996
1205	36151
1205	24823
1205	12284
1205	32209
1206	7302
1206	37367
1206	36650
1207	7698
1207	35427
1207	6543
1207	30159
1207	18669
1207	10779
1208	998
1208	5503
1208	29198
1209	22637
1209	10768
1209	34377
1209	4328
1209	27350
1209	23383
1209	8759
1209	20066
1209	816
1209	20204
1209	13658
1209	18987
1210	17706
1210	20945
1210	34181
1211	32576
1211	33361
1211	14167
1212	5095
1212	9336
1212	37153
1212	31498
1212	4926
1212	4197
1212	7745
1212	21034
1212	8599
1213	12516
1213	10689
1213	14937
1213	25769
1213	15923
1213	22822
1213	2356
1213	35941
1214	2720
1214	38125
1214	14717
1215	2375
1215	32676
1215	20983
1216	38358
1216	25448
1216	18130
1217	7516
1217	33288
1217	22076
1217	2614
1217	8971
1217	9197
1217	23849
1217	6611
1217	21613
1218	6281
1218	18744
1218	26834
1218	366
1219	16133
1219	17477
1219	21914
1220	752
1220	4396
1220	26376
1221	24554
1221	5873
1221	11568
1221	1041
1221	17477
1222	31457
1222	29567
1222	24293
1222	967
1223	21781
1223	12328
1223	19480
1223	3601
1224	7217
1224	32603
1224	37233
1224	28818
1224	28699
1224	899
1225	38547
1225	19967
1225	32281
1225	8663
1225	38867
1225	16607
1225	39189
1225	11960
1225	12309
1225	27327
1225	15399
1225	22345
1225	31898
1226	34933
1226	17321
1226	29428
1227	32757
1227	18487
1227	21265
1228	38793
1228	27505
1228	10688
1229	22639
1229	34830
1229	28530
1229	16340
1229	36659
1230	24734
1230	15575
1230	18248
1230	24769
1230	19050
1231	31246
1231	21319
1231	13366
1231	12541
1232	33320
1232	3048
1232	25631
1233	10963
1233	9675
1233	12553
1233	35427
1233	2519
1234	37132
1234	5895
1234	997
1235	8138
1235	26983
1235	9665
1235	30133
1236	22606
1236	18441
1236	37868
1237	24734
1237	14318
1237	13087
1237	38313
1237	7614
1238	3282
1238	19087
1238	21197
1238	28766
1238	27081
1238	37583
1238	4250
1239	18619
1239	11561
1239	27347
1239	6580
1240	6309
1240	29394
1240	11777
1241	16873
1241	13584
1241	28785
1242	21057
1242	14573
1242	15632
1242	26669
1242	2266
1242	39161
1243	6081
1243	13772
1243	9440
1243	38913
1244	36477
1244	25172
1244	15271
1245	7926
1245	33442
1245	29892
1245	7705
1245	28924
1246	15974
1246	22596
1246	1858
1246	67
1246	21095
1246	24649
1247	28057
1247	3994
1247	25037
1247	31687
1248	32436
1248	11173
1248	4416
1248	33270
1248	22658
1248	30702
1248	6239
1248	13257
1248	8854
1249	1126
1249	71
1249	36067
1249	12264
1249	16995
1249	4811
1250	26329
1250	25667
1250	28484
1250	2623
1251	31004
1251	22091
1251	24201
1251	19628
1251	28598
1251	4045
1252	1897
1252	24524
1252	20308
1252	18190
1252	20399
1253	20908
1253	17484
1253	25180
1254	32089
1254	8365
1254	12657
1254	26329
1254	25905
1254	17525
1255	26176
1255	12805
1255	28515
1255	38950
1256	8720
1256	13788
1256	15286
1256	23455
1257	10772
1257	39117
1257	30141
1258	154
1258	33538
1258	25160
1258	4057
1258	14240
1258	9571
1259	4035
1259	36972
1259	31972
1260	29927
1260	28789
1260	36008
1260	31801
1260	29062
1261	26526
1261	36170
1261	33358
1262	13814
1262	3384
1262	1853
1262	13264
1262	10201
1262	23849
1262	4197
1262	4887
1262	38322
1262	7
1262	9536
1262	23093
1263	36532
1263	23197
1263	27025
1264	35343
1264	34608
1264	10106
1265	30361
1265	35787
1265	1832
1266	3917
1266	21618
1266	19285
1267	22389
1267	11490
1267	20851
1268	19302
1268	35903
1268	4226
1268	16527
1269	38607
1269	10456
1269	22054
1269	38826
1269	27455
1269	1234
1269	572
1269	33993
1269	33611
1270	5487
1270	31487
1270	5628
1270	34433
1270	17868
1270	14474
1270	25991
1270	13221
1270	20297
1270	8820
1270	23820
1271	18685
1271	24125
1271	25317
1272	22067
1272	7782
1272	19775
1272	7171
1273	14791
1273	25513
1273	3092
1273	35731
1274	25474
1274	8650
1274	1100
1275	15420
1275	15135
1275	15855
1275	516
1275	30320
1275	9413
1276	25865
1276	4963
1276	22929
1276	37928
1277	22574
1277	15512
1277	37441
1277	30397
1277	11127
1278	4392
1278	3314
1278	26604
1278	30690
1278	24711
1278	27578
1279	5885
1279	32388
1279	8528
1279	34615
1279	10637
1279	4762
1279	26855
1280	39115
1280	32605
1280	14230
1281	23904
1281	27099
1281	37453
1282	28012
1282	4002
1282	35358
1283	381
1283	18929
1283	14418
1283	20480
1284	5962
1284	17284
1284	29556
1285	35808
1285	598
1285	12744
1285	25409
1286	24801
1286	6061
1286	36756
1286	10000
1286	18511
1287	29631
1287	24393
1287	36247
1287	32223
1287	32837
1287	10706
1287	23856
1287	23444
1287	17897
1287	21191
1287	37604
1287	2069
1288	24634
1288	10716
1288	15208
1289	11736
1289	30852
1289	3020
1289	38116
1289	36085
1290	15337
1290	1791
1290	29597
1290	20819
1291	19790
1291	18529
1291	30815
1291	1156
1292	31362
1292	8177
1292	13418
1292	14057
1293	297
1293	20700
1293	16051
1293	3496
1293	33044
1294	14503
1294	14614
1294	6058
1295	21985
1295	23479
1295	14280
1296	10626
1296	29386
1296	39139
1297	35121
1297	24084
1297	1114
1298	30683
1298	37593
1298	12657
1298	25702
1298	5952
1298	35324
1299	38103
1299	33674
1299	1846
1300	2949
1300	20873
1300	38794
1300	22311
1301	35827
1301	331
1301	34949
1302	3061
1302	21170
1302	14700
1302	35032
1302	24175
1303	12979
1303	37645
1303	10071
1304	39179
1304	35253
1304	37428
1305	24803
1305	71
1305	33325
1305	5340
1305	28933
1306	35119
1306	20369
1306	6556
1307	1528
1307	39327
1307	13583
1308	35027
1308	12844
1308	1035
1308	13016
1309	28414
1309	24612
1309	21642
1310	4823
1310	29487
1310	7524
1310	1234
1310	23270
1310	37774
1310	2759
1311	9632
1311	12993
1311	33761
1312	14321
1312	21730
1312	12392
1313	23243
1313	15159
1313	1220
1314	31107
1314	33600
1314	6869
1314	11223
1314	31837
1314	13264
1314	15989
1314	34945
1314	16467
1315	8224
1315	6376
1315	36583
1316	26028
1316	24813
1316	26540
1316	4305
1316	16556
1316	7544
1316	8912
1317	33309
1317	36619
1317	19518
1318	20562
1318	6190
1318	1771
1318	26207
1318	15492
1319	830
1319	21507
1319	35250
1319	238
1319	8296
1319	4564
1319	34979
1320	11842
1320	36445
1320	9474
1320	31130
1320	24108
1320	26500
1320	24264
1320	36569
1320	15399
1320	21299
1320	30601
1320	24732
1320	12270
1320	27639
1320	1312
1321	37662
1321	213
1321	34773
1322	3767
1322	6877
1322	8610
1323	21844
1323	26090
1323	9147
1324	36579
1324	24655
1324	26761
1324	11428
1325	33331
1325	23673
1325	36208
1326	33804
1326	21289
1326	20275
1327	22977
1327	12194
1327	19592
1328	36721
1328	26997
1328	21625
1328	22046
1328	33040
1329	8512
1329	23607
1329	19381
1329	7363
1330	33024
1330	33026
1330	37761
1331	22683
1331	32922
1331	22526
1331	37294
1332	11070
1332	217
1332	31771
1332	38378
1333	25516
1333	18910
1333	37144
1333	5803
1333	7669
1333	26933
1333	5128
1334	466
1334	8222
1334	24241
1335	19727
1335	19285
1335	21618
1335	7148
1335	1654
1336	18107
1336	29799
1336	39161
1337	6991
1337	25611
1337	16018
1338	26422
1338	19093
1338	13342
1339	3208
1339	24023
1339	4498
1340	9383
1340	29307
1340	30386
1340	11982
1340	22887
1340	20489
1340	31311
1341	15276
1341	29189
1341	21220
1341	23368
1342	18294
1342	4395
1342	23034
1343	4643
1343	34062
1343	4107
1344	19085
1344	34649
1344	39175
1344	14853
1345	21057
1345	13522
1345	18157
1345	27046
1345	24916
1346	17727
1346	6805
1346	7266
1346	2069
1346	19480
1346	24431
1347	20234
1347	17614
1347	35874
1347	25180
1348	1361
1348	10794
1348	29651
1348	26424
1349	11387
1349	33894
1349	6307
1349	29787
1350	39082
1350	37410
1350	20044
1351	20673
1351	5637
1351	23094
1351	32132
1351	22251
1351	17115
1352	14380
1352	20376
1352	20760
1353	35442
1353	14371
1353	30228
1353	15932
1353	20617
1354	7430
1354	5925
1354	14321
1355	16934
1355	11790
1355	6314
1355	35275
1355	19654
1356	34786
1356	15750
1356	6702
1357	29226
1357	23444
1357	21513
1358	33882
1358	35865
1358	37490
1359	17799
1359	4623
1359	31142
1359	15132
1359	17645
1359	2909
1359	14087
1359	6735
1359	36246
1359	31688
1359	6372
1359	5651
1359	21237
1360	12498
1360	10149
1360	651
1360	25434
1360	9190
1360	25102
1361	10791
1361	37112
1361	25006
1361	34145
1362	23791
1362	33052
1362	33321
1362	36254
1362	12940
1363	28087
1363	22037
1363	27465
1364	22278
1364	11989
1364	17735
1365	29135
1365	23355
1365	25311
1366	9351
1366	14100
1366	28551
1367	32184
1367	16665
1367	16495
1368	28122
1368	30688
1368	34210
1368	12318
1368	38279
1368	31733
1368	34433
1368	11533
1369	23004
1369	28049
1369	23049
1369	26817
1370	39327
1370	9286
1370	10517
1371	29365
1371	17241
1371	32449
1371	33194
1372	37052
1372	14515
1372	14847
1372	30753
1373	1565
1373	32417
1373	32092
1373	24027
1374	12109
1374	21756
1374	35695
1374	11734
1375	3855
1375	24817
1375	26437
1376	31802
1376	24426
1376	15454
1376	28250
1377	6780
1377	29440
1377	15974
1377	11673
1377	18821
1377	28747
1377	36792
1377	21131
1377	20004
1377	35436
1378	32315
1378	25450
1378	27364
1379	23034
1379	17167
1379	23147
1379	34232
1379	8948
1379	38527
1380	10124
1380	23398
1380	18121
1381	23015
1381	32897
1381	18475
1381	6401
1381	9652
1381	28859
1382	19643
1382	3120
1382	11327
1383	2163
1383	17584
1383	294
1384	26724
1384	13933
1384	14143
1384	24934
1385	20985
1385	20975
1385	2903
1386	38563
1386	32132
1386	16477
1386	29644
1386	34850
1387	5175
1387	27560
1387	33776
1388	37617
1388	24230
1388	32737
1388	23418
1389	36989
1389	37607
1389	32261
1390	38693
1390	7344
1390	18364
1391	33619
1391	15218
1391	21267
1392	39127
1392	2438
1392	917
1393	32261
1393	27905
1393	11577
1393	28023
1393	39134
1394	16642
1394	4237
1394	21677
1395	9976
1395	37346
1395	10023
1396	17336
1396	1903
1396	22569
1396	11708
1397	11787
1397	24776
1397	19637
1397	467
1398	13637
1398	12128
1398	24045
1398	22880
1398	1406
1399	14846
1399	10484
1399	17277
1399	622
1399	6060
1399	18328
1399	18085
1399	34730
1399	23607
1399	18676
1399	34905
1399	37559
1399	15286
1400	25894
1400	9161
1400	28696
1401	32530
1401	27280
1401	16915
1401	6917
1401	22290
1402	36786
1402	8625
1402	7577
1403	19989
1403	28082
1403	10136
1403	22645
1404	13553
1404	32054
1404	10639
1405	22851
1405	1901
1405	5215
1405	37612
1406	22694
1406	22815
1406	31715
1407	33852
1407	15764
1407	32551
1407	33051
1408	7166
1408	37473
1408	29206
1408	36133
1408	17704
1408	9309
1408	8967
1408	23162
1409	1240
1409	2784
1409	23040
1409	34333
1410	28888
1410	14895
1410	8604
1410	33076
1410	7140
1410	11120
1410	15139
1410	19667
1410	14964
1410	28294
1410	23529
1410	136
1411	481
1411	11010
1411	7939
1411	8222
1411	12821
1411	31332
1412	34376
1412	1144
1412	28454
1412	18064
1412	23865
1413	35729
1413	31678
1413	8563
1413	32905
1414	18615
1414	33110
1414	13873
1414	1685
1415	32603
1415	13572
1415	24370
1415	15895
1415	2309
1416	14813
1416	11866
1416	3606
1417	19690
1417	21003
1417	26689
1417	37218
1417	18996
1418	237
1418	9010
1418	36150
1418	22092
1419	472
1419	30668
1419	19614
1420	31218
1420	10939
1420	17271
1420	35539
1421	24684
1421	35092
1421	20586
1421	2913
1421	19285
1422	30403
1422	7544
1422	6967
1422	6913
1423	38682
1423	15648
1423	10828
1423	5596
1424	10292
1424	5962
1424	26394
1424	2306
1424	34952
1425	4438
1425	32063
1425	9186
1426	11636
1426	15797
1426	25695
1427	13630
1427	32429
1427	18656
1427	3658
1428	11969
1428	31509
1428	1801
1429	16231
1429	14785
1429	19123
1430	15692
1430	38856
1430	13749
1430	13933
1431	2666
1431	22515
1431	35323
1431	1664
1431	7757
1432	3568
1432	32797
1432	36559
1432	23139
1432	38780
1432	14172
1432	13251
1433	12657
1433	26329
1433	36619
1433	19518
1433	25667
1433	3341
1433	27415
1434	17274
1434	5367
1434	39112
1434	7275
1434	23539
1434	11111
1434	29489
1434	31394
1434	9880
1435	5320
1435	11244
1435	3901
1435	14416
1435	8365
1435	5279
1435	26329
1435	16967
1436	11655
1436	13604
1436	24279
1437	21004
1437	12077
1437	18092
1438	19908
1438	20705
1438	28509
1438	21416
1439	25851
1439	38371
1439	6799
1439	36351
1440	13568
1440	29540
1440	11312
1441	38130
1441	3495
1441	20597
1441	11355
1442	33246
1442	14367
1442	19488
1443	10114
1443	34450
1443	35512
1443	8222
1444	2319
1444	30927
1444	16340
1445	14723
1445	21157
1445	26370
1446	38485
1446	34218
1446	29851
1446	23050
1447	11386
1447	18385
1447	26244
1448	8281
1448	35392
1448	28083
1448	1549
1448	6334
1448	15136
1449	32068
1449	1406
1449	23540
1449	37608
1450	20254
1450	29581
1450	32435
1450	2814
1450	6977
1450	692
1450	33821
1451	5394
1451	20257
1451	34071
1452	11312
1452	9752
1452	18130
1452	34103
1453	5497
1453	13641
1453	15438
1454	14526
1454	5638
1454	12040
1455	24950
1455	11468
1455	36667
1455	25555
1455	15034
1456	3829
1456	5187
1456	33357
1456	31114
1457	14517
1457	18145
1457	4609
1458	30702
1458	21237
1458	33657
1459	28148
1459	3115
1459	20369
1460	13049
1460	38076
1460	22371
1461	21827
1461	38765
1461	17992
1461	35731
1461	37694
1461	36157
1462	23642
1462	10429
1462	29418
1462	38149
1463	18931
1463	36088
1463	14392
1464	38355
1464	19520
1464	6982
1465	16533
1465	2719
1465	12455
1466	22589
1466	22341
1466	37269
1467	34105
1467	32581
1467	3582
1468	18406
1468	15926
1468	26110
1469	32567
1469	23541
1469	37147
1470	22533
1470	7361
1470	24687
1471	34443
1471	16699
1471	14259
1472	37229
1472	11161
1472	33085
1473	36026
1473	30165
1473	7544
1474	751
1474	6326
1474	6922
1475	31874
1475	25798
1475	33054
1476	32380
1476	39359
1476	26847
1476	17512
1476	22199
1476	18374
1477	4400
1477	20603
1477	8720
1478	25144
1478	39338
1478	899
1478	33370
1479	28128
1479	26327
1479	34653
1480	22085
1480	22974
1480	1117
1481	15183
1481	22966
1481	20891
1481	23168
1482	34761
1482	39124
1482	32243
1483	15434
1483	23141
1483	22755
1484	11981
1484	37997
1484	10706
1485	21018
1485	6580
1485	25595
1486	18246
1486	20350
1486	4753
1487	15707
1487	30873
1487	1865
1488	11002
1488	19479
1488	2781
1489	12944
1489	23654
1489	3075
1490	14745
1490	7196
1490	8054
1490	12898
1491	15407
1491	22506
1491	511
1491	432
1491	24469
1491	26886
1491	4384
1491	5532
1491	11246
1491	37157
1491	585
1491	12498
1491	8115
1491